setViewData('{"root":"","views":[{"mtx":[[-0.204019695520401,0.029808323830366135,-0.9785128235816956,0],[-0.400174617767334,-0.9147524833679199,0.05557030811905861,0],[-0.8934406638145447,0.4029134213924408,0.1985560655593872,0],[0,0,0,1]],"file":"Image__20110213_161537_125.jpg"},{"mtx":[[0.42622265219688416,-0.9044148325920105,0.019185828045010567,0],[0.16501599550247192,0.0985848531126976,0.9813514947891235,0],[-0.8894402384757996,-0.41510826349258423,0.19126202166080475,0],[0,0,0,1]],"file":"Image__20110213_161522_427.jpg"},{"mtx":[[0.8418423533439636,-0.5396791696548462,0.006911416072398424,0],[0.0767776221036911,0.13242055475711823,0.9882155656814575,0],[-0.5342345833778381,-0.8313910365104675,0.15291252732276917,0],[0,0,0,1]],"file":"Image__20110213_161509_481.jpg"},{"mtx":[[0.9959776401519775,0.08500715345144272,0.028326330706477165,0],[-0.0427301824092865,0.17273904383182526,0.9840403199195862,0],[0.0787574052810669,-0.9812925457954407,0.17567658424377441,0],[0,0,0,1]],"file":"Image__20110213_161503_001.jpg"},{"mtx":[[0.8487348556518555,0.5286864638328552,0.011822658590972424,0],[-0.05971124395728111,0.07359669357538223,0.9954989552497864,0],[0.5254366397857666,-0.8456206321716309,0.09403260797262192,0],[0,0,0,1]],"file":"Image__20110213_161454_021.jpg"},{"mtx":[[0.24287766218185425,0.9694993495941162,-0.032884079962968826,0],[-0.23243007063865662,0.09107281267642975,0.9683398008346558,0],[0.9417997002601624,-0.2275448590517044,0.24746039509773254,0],[0,0,0,1]],"file":"Image__20110213_161443_760.jpg"}]}')
